Best parameters are : {'K': 3, 't': 50.0}
GAP: 0.14190156889949528
GAP-no-dis: 0.3710222758226896
ACC: 0.43968095712861416

