
Best parameters are : {'K': 3, 't': 50.0}
GAP: 0.24097371803171342
GAP-no-dis: 0.490978672284069
ACC: 0.5373908275174477
