Best parameters are : {'K': 3, 't': 50.0}
GAP: 0.06614173466561928
GAP-no-dis: 0.2556315143030827
ACC: 0.3320039880358923
