Best parameters are : {'K': 2, 't': 100.0}
GAP: 0.19531501076629507
GAP-no-dis: 0.4351857456052282
ACC: 0.4725087736789631

