Best parameters are : {'K': 2, 't': 100.0}
GAP: 0.09979987576947481
GAP-no-dis: 0.2598074566581769
ACC: 0.34297108673978066
